1 3 -1280 1200  5 0 0 0    255 255 255 255  720 2560 road.png       5  1
  
2 7  100 500    3 0 0 0    100 050 025 255  200  100  npccar.png	3  0 0 0  0 10 0  1    0.9
2 7 -100 200    3 0 0 0    150 025 050 255  200  100  npccar1.png   3  0 0 0  0 10 0  1    0.9
2 7  200 900    3 0 0 0    005 255 075 255  200  100  npccar2.png   3  0 0 0  0 10 0  1    0.9
2 7 -200 700    3 0 0 0    005 255 075 255  200  100  npccar.png    3  0 0 0  0 10 0  1    0.9
																	
2 4  300  1500  3 0 0 0    005 255 075 255  100 150  roadblock.png  3  0 0 0  0 0 0  999  1
2 4 -600  2300  3 0 0 0    005 255 075 255  100 150  roadblock.png  3  0 0 0  0 0 0  999  1
2 4  278  6900  3 0 0 0    005 255 075 255  100 150  roadblock.png  3  0 0 0  0 0 0  999  1
2 4  272  8292  3 0 0 0    005 255 075 255  100 150  roadblock.png  3  0 0 0  0 0 0  999  1
2 4  340  10875 3 0 0 0    005 255 075 255  100 150  roadblock.png  3  0 0 0  0 0 0  999  1
2 4  200  14000 3 0 0 0    005 255 075 255  100 150  roadblock.png  3  0 0 0  0 0 0  999  1
2 4  33   15770 3 0 0 0    005 255 075 255  100 150  roadblock.png  3  0 0 0  0 0 0  999  1
2 4  380  19600 3 0 0 0    005 255 075 255  100 150  roadblock.png  3  0 0 0  0 0 0  999  1
2 4  8    21170 3 0 0 0    005 255 075 255  100 150  roadblock.png  3  0 0 0  0 0 0  999  1
2 4  -435 24900 3 0 0 0    005 255 075 255  100 150  roadblock.png  3  0 0 0  0 0 0  999  1
2 4  87   27250 3 0 0 0    005 255 075 255  100 150  roadblock.png  3  0 0 0  0 0 0  999  1
2 4 -400  30000 3 0 0 0    005 255 075 255  100 150  roadblock.png  3  0 0 0  0 0 0  999  1
																	
2 5  337  540   3 0 0 0    005 255 075 255  100 150  mudbrick.png	3  0 0 0  0 0 0   999  1
2 5  225  3230  3 0 0 0    005 255 075 255  100 150  mudbrick.png	3  0 0 0  0 0 0   999  1
2 5  -17  4350  3 0 0 0    005 255 075 255  100 150  mudbrick.png	3  0 0 0  0 0 0   999  1
2 5  0    7640  3 0 0 0    005 255 075 255  100 150  mudbrick.png	3  0 0 0  0 0 0   999  1
2 5  -288 8820  3 0 0 0    005 255 075 255  100 150  mudbrick.png	3  0 0 0  0 0 0   999  1
2 5  200  10100 3 0 0 0    005 255 075 255  100 150  mudbrick.png	3  0 0 0  0 0 0   999  1
2 5  225  12900 3 0 0 0    005 255 075 255  100 150  mudbrick.png	3  0 0 0  0 0 0   999  1
2 5  104  13570 3 0 0 0    005 255 075 255  100 150  mudbrick.png	3  0 0 0  0 0 0   999  1
2 5  10   18000 3 0 0 0    005 255 075 255  100 150  mudbrick.png	3  0 0 0  0 0 0   999  1
2 5  145  20000 3 0 0 0    005 255 075 255  100 150  mudbrick.png	3  0 0 0  0 0 0   999  1
2 5  -245 24000 3 0 0 0    005 255 075 255  100 150  mudbrick.png	3  0 0 0  0 0 0   999  1
2 5  -579 25200 3 0 0 0    005 255 075 255  100 150  mudbrick.png	3  0 0 0  0 0 0   999  1
2 5  337  26540 3 0 0 0    005 255 075 255  100 150  mudbrick.png	3  0 0 0  0 0 0   999  1
																	
2 6  -178 2265  3 0 0 0    005 255 075 255  100 150  oilbrick.png	3  0 0 0  0 0 0   999  1
2 6  -240 5900  3 0 0 0    005 255 075 255  100 150  oilbrick.png	3  0 0 0  0 0 0   999  1
2 6  50   11200 3 0 0 0    005 255 075 255  100 150  oilbrick.png	3  0 0 0  0 0 0   999  1
2 6  -340 14400 3 0 0 0    005 255 075 255  100 150  oilbrick.png	3  0 0 0  0 0 0   999  1
2 6  440  21400 3 0 0 0    005 255 075 255  100 150  oilbrick.png	3  0 0 0  0 0 0   999  1
2 6  205  22750 3 0 0 0    005 255 075 255  100 150  oilbrick.png	3  0 0 0  0 0 0   999  1
2 6  140  19800 3 0 0 0    005 255 075 255  100 150  oilbrick.png	3  0 0 0  0 0 0   999  1
2 6  220  26000 3 0 0 0    005 255 075 255  100 150  oilbrick.png	3  0 0 0  0 0 0   999  1
2 6  85   28000 3 0 0 0    005 255 075 255  100 150  oilbrick.png	3  0 0 0  0 0 0   999  1
2 6  -178 32265 3 0 0 0   005 255 075 255  100 150  oilbrick.png	3  0 0 0  0 0 0   999  1
																	
2 8  -400 1000  3 0 0 0    0   0   0   0    100  100   nos.png      3  0 0 0  0 0 0   999  1
2 8   400 2000  3 0 0 0    0   0   0   0    100  100   nos.png      3  0 0 0  0 0 0   999  1
2 8  -300 3000  3 0 0 0    0   0   0   0    100  100   nos.png      3  0 0 0  0 0 0   999  1
2 8   300 4000  3 0 0 0    0   0   0   0    100  100   nos.png      3  0 0 0  0 0 0   999  1
2 8  -100 5000  3 0 0 0    0   0   0   0    100  100   nos.png      3  0 0 0  0 0 0   999  1
2 8  -400 6000  3 0 0 0    0   0   0   0    100  100   nos.png      3  0 0 0  0 0 0   999  1
2 8   150 7000  3 0 0 0    0   0   0   0    100  100   nos.png      3  0 0 0  0 0 0   999  1
2 8   200 8000  3 0 0 0    0   0   0   0    100  100   nos.png      3  0 0 0  0 0 0   999  1
2 8  -10  9000  3 0 0 0    0   0   0   0    100  100   nos.png      3  0 0 0  0 0 0   999  1
2 8   40  1000  3 0 0 0    0   0   0   0    100  100   nos.png      3  0 0 0  0 0 0   999  1
2 8   250 11000 3 0 0 0    0   0   0   0    100  100   nos.png      3  0 0 0  0 0 0   999  1
2 8  -50  12000 3 0 0 0    0   0   0   0    100  100   nos.png      3  0 0 0  0 0 0   999  1
2 8   60  13000 3 0 0 0    0   0   0   0    100  100   nos.png      3  0 0 0  0 0 0   999  1
2 8   150 14000 3 0 0 0    0   0   0   0    100  100   nos.png      3  0 0 0  0 0 0   999  1
2 8  -200 15000 3 0 0 0    0   0   0   0    100  100   nos.png      3  0 0 0  0 0 0   999  1
2 8   300 16000 3 0 0 0    0   0   0   0    100  100   nos.png      3  0 0 0  0 0 0   999  1
2 8  -250 17000 3 0 0 0    0   0   0   0    100  100   nos.png      3  0 0 0  0 0 0   999  1
2 8   250 18000 3 0 0 0    0   0   0   0    100  100   nos.png      3  0 0 0  0 0 0   999  1
2 8  -50  19000 3 0 0 0    0   0   0   0    100  100   nos.png      3  0 0 0  0 0 0   999  1
2 8   60  20000 3 0 0 0    0   0   0   0    100  100   nos.png      3  0 0 0  0 0 0   999  1
2 8   150 21000 3 0 0 0    0   0   0   0    100  100   nos.png      3  0 0 0  0 0 0   999  1
2 8  -200 25000 3 0 0 0    0   0   0   0    100  100   nos.png      3  0 0 0  0 0 0   999  1
2 8   300 26000 3 0 0 0    0   0   0   0    100  100   nos.png      3  0 0 0  0 0 0   999  1
2 8  -250 27000 3 0 0 0    0   0   0   0    100  100   nos.png      3  0 0 0  0 0 0   999  1
2 8   250 31000 3 0 0 0    0   0   0   0    100  100   nos.png      3  0 0 0  0 0 0   999  1

2 9  -400 33000 3 0 0 0    0   0   0   0    100  800   Finish.png   3  0 0 0  0 0 0   999  1

